   Sentence                 Matched   Brackets      Cross         Corr     Tag
  ID Length  Recall  Precis Bracket   gold   test Bracket  Words  Tags Accracy
______________________________________________________________________________
   1      8   80.00   66.67       4      5      6       0      6     5   83.33
   2     17   33.33   30.77       4     12     13       7     16    14   87.50
   3      6   60.00   75.00       3      5      4       0      5     5  100.00
   4      7   75.00   75.00       3      4      4       0      5     4   80.00
   5     16   91.67   84.62      11     12     13       0     14    14  100.00
   6     17   81.25   72.22      13     16     18       1     15    14   93.33
   7     15   72.73   88.89       8     11      9       1     13    10   76.92
   8     13  100.00  100.00      10     10     10       0     11    11  100.00
   9      8  100.00  100.00       5      5      5       0      7     6   85.71
  10      9  100.00  100.00       6      6      6       0      8     8  100.00
  11     13   84.62   84.62      11     13     13       0     12    11   91.67
  12     12   62.50   62.50       5      8      8       1     10     8   80.00
  13      4  100.00  100.00       3      3      3       0      3     2   66.67
  14      5   75.00   75.00       3      4      4       0      4     3   75.00
  15     17   72.73   66.67       8     11     12       1     15    14   93.33
  16     17   38.46   41.67       5     13     12       4     14    12   85.71
  17     15  100.00   90.00       9      9     10       0     13    12   92.31
  18     12   71.43   71.43       5      7      7       1     11     9   81.82
  19     12   37.50   50.00       3      8      6       0      8     6   75.00
  20     18   44.44   47.06       8     18     17       6     15    14   93.33
  21      5   80.00  100.00       4      5      4       0      4     4  100.00
  22     15   77.78   70.00       7      9     10       1     14    12   85.71
  23     16   50.00   55.56       5     10      9       1     14     8   57.14
  24      8   83.33   83.33       5      6      6       0      7     6   85.71
  25     18   70.59   66.67      12     17     18       2     17    15   88.24
  26     18   60.00   60.00       9     15     15       3     15    14   93.33
  27     19   25.00   28.57       4     16     14       7     15    11   73.33
  28     13  100.00  100.00      13     13     13       0     12    11   91.67
  29     14   90.91   83.33      10     11     12       0     12    12  100.00
  30      6  100.00  100.00       4      4      4       0      5     5  100.00
  31     16   78.57   73.33      11     14     15       2     15    14   93.33
  32     14  100.00   91.67      11     11     12       0     13    13  100.00
  33     16   88.89   88.89       8      9      9       0     12    10   83.33
  34     16   81.82   81.82       9     11     11       1     14    14  100.00
  35     20    7.14   10.00       1     14     10       4     15    13   86.67
  36      8  100.00  100.00      11     11     11       0      7     7  100.00
  37      2  100.00  100.00       1      1      1       0      2     2  100.00
  38     19   57.89   52.38      11     19     21       5     18    17   94.44
  39     20   80.00   70.59      12     15     17       2     19    17   89.47
  40      9  100.00   87.50       7      7      8       0      8     8  100.00
  41      8  100.00   75.00       6      6      8       0      6     6  100.00
  42     20   27.27   25.00       3     11     12       5     18    17   94.44
  43     11  100.00  100.00       7      7      7       0     10    10  100.00
  44     14   80.00   80.00       8     10     10       1     13    12   92.31
  45     17   54.55   60.00       6     11     10       3     13    12   92.31
  46     15   70.00   63.64       7     10     11       2     14    11   78.57
  47     17   80.00   72.73       8     10     11       1     15    12   80.00
  48     15   63.64   70.00       7     11     10       2     13    13  100.00
  49     11  100.00  100.00      10     10     10       0     10    10  100.00
  50     20   46.15   46.15       6     13     13       4     19    16   84.21
  51     17  100.00  100.00      11     11     11       0     15    15  100.00
  52     19   75.00   85.71      12     16     14       1     18    17   94.44
  53     18   64.29   52.94       9     14     17       1     17    16   94.12
  54      9   66.67   66.67       4      6      6       0      7     6   85.71
  55      6   75.00   60.00       3      4      5       0      4     3   75.00
  56      6  100.00  100.00       5      5      5       0      5     5  100.00
  57     14   50.00   50.00       5     10     10       0     13    11   84.62
  58      8  100.00  100.00       8      8      8       0      7     7  100.00
  59     16   92.86  100.00      13     14     13       0     14    12   85.71
  60     19   73.33   78.57      11     15     14       2     16    16  100.00
  61     11   87.50   87.50       7      8      8       0      9     7   77.78
  62     19   73.33   73.33      11     15     15       2     18    17   94.44
  63     16   92.86   92.86      13     14     14       0     14    14  100.00
  64     19   71.43   83.33      10     14     12       1     17    17  100.00
  65     20   58.82   71.43      10     17     14       3     19    19  100.00
  66     12   53.85   63.64       7     13     11       2     11    11  100.00
  67     16   72.73   72.73       8     11     11       1     15    13   86.67
  68     11   85.71   85.71       6      7      7       0     10    10  100.00
  69      9   37.50   60.00       3      8      5       2      8     8  100.00
  70     10  100.00  100.00       6      6      6       0      8     8  100.00
  71     20   77.78   93.33      14     18     15       1     19    16   84.21
  72     13   88.89   88.89       8      9      9       0     12    11   91.67
  73      9   85.71   85.71       6      7      7       0      8     7   87.50
  74     20   83.33   83.33      10     12     12       0     17    14   82.35
  75     16   69.23   75.00       9     13     12       2     15    13   86.67
  76     16   58.33   63.64       7     12     11       3     15    13   86.67
  77     19   38.46   41.67       5     13     12       4     17    15   88.24
  78     10  100.00  100.00       6      6      6       0      9     7   77.78
  79     13   60.00   60.00       6     10     10       4     12    10   83.33
  80     20   61.54   53.33       8     13     15       4     18    16   88.89
  81     12   71.43   71.43       5      7      7       0      8     8  100.00
  82     18   81.25   76.47      13     16     17       2     16    16  100.00
  83     17   53.33   57.14       8     15     14       5     12    11   91.67
  84     15  100.00  100.00      11     11     11       0     12    11   91.67
  85     17   93.75  100.00      15     16     15       0     16    16  100.00
  86     12   70.00   70.00       7     10     10       1     10    10  100.00
  87     11   88.89   88.89       8      9      9       0      8     8  100.00
  88     15   92.86   86.67      13     14     15       0     14    13   92.86
  89     14   45.45   41.67       5     11     12       6     11    10   90.91
  90     14   71.43   90.91      10     14     11       0     13    12   92.31
  91     14  100.00   88.89       8      8      9       0     11    11  100.00
  92     16   43.75   50.00       7     16     14       6     13    12   92.31
  93     12   75.00   75.00       6      8      8       0      9     8   88.89
  94     13   70.00   70.00       7     10     10       1     11    10   90.91
  95     18   46.67   38.89       7     15     18       4     16    12   75.00
  96      5  100.00  100.00       4      4      4       0      4     4  100.00
  97     11   85.71  100.00       6      7      6       0     10     9   90.00
  98      7  100.00  100.00       6      6      6       0      6     6  100.00
  99      7  100.00  100.00       5      5      5       0      6     5   83.33
 100      6  100.00  100.00       4      4      4       0      4     4  100.00
 101     13   55.56   55.56       5      9      9       3     10     9   90.00
 102     16   90.91   90.91      10     11     11       0     13    13  100.00
 103     20   50.00   66.67       8     16     12       4     18    15   83.33
 104     18   84.21   88.89      16     19     18       1     17    16   94.12
 105     14   66.67   80.00       8     12     10       2     13    13  100.00
 106     13  100.00   87.50       7      7      8       0     11     9   81.82
 107     12   63.64   70.00       7     11     10       0     11     6   54.55
 108     15  100.00  100.00      10     10     10       0     13    13  100.00
 109     16   66.67   66.67       6      9      9       1     13    12   92.31
 110     10   66.67   57.14       4      6      7       2      7     6   85.71
 111     19   64.71   68.75      11     17     16       4     17    16   94.12
 112     17   42.86   50.00       6     14     12       5     16    12   75.00
 113     12   36.36   36.36       4     11     11       5     11     9   81.82
 114     14   75.00   90.00       9     12     10       0     11    11  100.00
 115     20   46.67   50.00       7     15     14       4     16    16  100.00
 116     12   77.78   77.78       7      9      9       1      9     9  100.00
 117     17   70.00   77.78       7     10      9       1     14    12   85.71
 118     19   57.14   57.14       8     14     14       4     17    10   58.82
 119     16   70.59   75.00      12     17     16       1     13    12   92.31
 120     11   66.67   66.67       6      9      9       0      7     6   85.71
 121      8   50.00   71.43       5     10      7       1      7     4   57.14
 122     19   76.47   86.67      13     17     15       2     18    18  100.00
 123     20   64.29   81.82       9     14     11       2     18    16   88.89
 124     20   57.14   70.59      12     21     17       4     16    13   81.25
 125      4  100.00  100.00       4      4      4       0      3     3  100.00
 126      5  100.00   80.00       4      4      5       0      3     3  100.00
 127     20   42.86   39.13       9     21     23      10     19    16   84.21
 128     14   54.55   50.00       6     11     12       6     13    13  100.00
 129     19   57.14   57.14       8     14     14       6     17    17  100.00
 130     14   45.45   50.00       5     11     10       2     13    12   92.31
 131     16   47.06   66.67       8     17     12       4     15    14   93.33
 132     18   47.37   56.25       9     19     16       5     15    13   86.67
 133      6  100.00   75.00       3      3      4       0      5     5  100.00
 134     10   66.67   75.00       6      9      8       1      9     8   88.89
 135     18   92.31  100.00      12     13     12       0     17    17  100.00
 136     20   76.92   90.91      10     13     11       1     18    16   88.89
 137     17  100.00  100.00      11     11     11       0     16    16  100.00
 138     20   70.59   70.59      12     17     17       0     17    13   76.47
 139     10  100.00   87.50       7      7      8       0      7     6   85.71
 140      7   66.67   57.14       4      6      7       0      6     6  100.00
 141     17   63.64   87.50       7     11      8       0     15    14   93.33
 142     17   50.00   63.64       7     14     11       4     15    14   93.33
 143     10   85.71  100.00       6      7      6       0      9     9  100.00
 144     12   55.56   83.33       5      9      6       0      9     7   77.78
 145     12   41.67   50.00       5     12     10       4     10     8   80.00
 146     12   60.00   75.00       6     10      8       2     11     9   81.82
 147     20   56.25   60.00       9     16     15       5     16    15   93.75
 148     18   58.33   63.64       7     12     11       1     15    14   93.33
 149     20   80.00   84.21      16     20     19       1     19    17   89.47
 150     13   63.64   70.00       7     11     10       2     12    11   91.67
 151     19   86.67   76.47      13     15     17       3     16    15   93.75
 152     17   50.00   50.00       6     12     12       4     15    15  100.00
 153      6  100.00  100.00       5      5      5       0      5     5  100.00
 154     18   46.15   42.86       6     13     14       3     16    13   81.25
 155     18   41.67   38.46       5     12     13       3     16    14   87.50
 156     13   80.00   80.00       8     10     10       1     12     9   75.00
 157     19   78.95   83.33      15     19     18       1     18    16   88.89
 158     16   83.33   76.92      10     12     13       1     12    10   83.33
 159     13   72.73   72.73       8     11     11       2     12    10   83.33
 160     15   82.35   87.50      14     17     16       1     14    13   92.86
 161      8   83.33   83.33       5      6      6       0      7     6   85.71
 162     16   84.62   84.62      11     13     13       1     15    12   80.00
 163     18   93.33  100.00      14     15     14       0     16    16  100.00
 164     20   70.59   66.67      12     17     18       4     18    18  100.00
 165     16   50.00   46.15       6     12     13       4     14    11   78.57
 166     18   91.67   84.62      11     12     13       0     14    13   92.86
 167     17   66.67   75.00      12     18     16       3     16    13   81.25
 168      9  100.00  100.00       7      7      7       0      8     7   87.50
 169     17   87.50   93.33      14     16     15       1     16    14   87.50
 170     17   73.33   78.57      11     15     14       2     13    13  100.00
 171     13   92.31   92.31      12     13     13       0     12    11   91.67
 172     19   53.33   66.67       8     15     12       3     18    15   83.33
 173      9   80.00   72.73       8     10     11       0      8     8  100.00
 174     10  100.00  100.00       6      6      6       0      9     8   88.89
 175     18   94.74   90.00      18     19     20       0     17    14   82.35
 176     20   75.00   83.33      15     20     18       1     17    16   94.12
 177      7  100.00  100.00       5      5      5       0      6     5   83.33
 178      9  100.00  100.00       5      5      5       0      8     6   75.00
 179     14   42.86   54.55       6     14     11       2     12    10   83.33
 180     12   45.45   55.56       5     11      9       4     11     9   81.82
 181     17   83.33  100.00      10     12     10       0     16    16  100.00
 182     19   92.31   92.31      12     13     13       0     17    15   88.24
 183     16   91.67   84.62      11     12     13       1     15    14   93.33
 184     11   88.89  100.00       8      9      8       0      8     7   87.50
 185     16   75.00   85.71      12     16     14       2     15    14   93.33
 186     10  100.00  100.00       6      6      6       0      9     9  100.00
 187     20   70.00   77.78      14     20     18       3     19    15   78.95
 188     20   65.00   68.42      13     20     19       5     17    17  100.00
 189     11   66.67   54.55       6      9     11       3      9     7   77.78
 190     15   83.33   90.91      10     12     11       0     14    12   85.71
 191      5   75.00   75.00       3      4      4       0      4     4  100.00
 192     16   60.00   64.29       9     15     14       4     15    13   86.67
 193     10  100.00   85.71       6      6      7       0      9     7   77.78
 194     15   90.00   81.82       9     10     11       0     14    13   92.86
 195      8  100.00  100.00       6      6      6       0      7     7  100.00
 196     18   50.00   54.55       6     12     11       1     13    12   92.31
 197     14   75.00   69.23       9     12     13       4     13    11   84.62
 198     17   61.54   57.14       8     13     14       3     15    11   73.33
 199     11   85.71   85.71       6      7      7       0     10     8   80.00
 200     19   46.67   58.33       7     15     12       1     17    15   88.24
 201      5   60.00   75.00       3      5      4       0      4     3   75.00
 202      7  100.00  100.00       7      7      7       0      6     6  100.00
 203     11  100.00  100.00       7      7      7       0     10     9   90.00
 204     18   21.43   33.33       3     14      9       4     15    12   80.00
 205     15  100.00   85.71       6      6      7       0     13    12   92.31
 206     19   75.00   80.00      12     16     15       2     18    18  100.00
 207     17   50.00   61.54       8     16     13       5     15    13   86.67
 208     16   33.33   45.45       5     15     11       6     14    13   92.86
 209     17   56.25   69.23       9     16     13       3     15    13   86.67
 210      6  100.00  100.00       4      4      4       0      5     5  100.00
 211     14   77.78   87.50       7      9      8       0     11    10   90.91
 212     19   30.77   30.77       4     13     13       8     16    14   87.50
 213      9   77.78   77.78       7      9      9       0      8     8  100.00
 214     15   54.55   54.55       6     11     11       3     14    13   92.86
 215     18   58.33   50.00       7     12     14       3     17    16   94.12
 216     20   64.29   75.00       9     14     12       2     18    16   88.89
 217     17  100.00  100.00      13     13     13       0     15    15  100.00
 218     20   68.75   68.75      11     16     16       3     19    19  100.00
 219     19   87.50   87.50      14     16     16       2     17    14   82.35
 220     19   62.50   58.82      10     16     17       5     17    15   88.24
 221     16   81.25   92.86      13     16     14       1     15    15  100.00
 222     19   60.00   64.29       9     15     14       3     17    17  100.00
 223      7  100.00  100.00       5      5      5       0      6     5   83.33
 224     10  100.00  100.00       7      7      7       0      8     8  100.00
 225     20   76.92   76.92      10     13     13       2     19    17   89.47
 226     16   92.86   92.86      13     14     14       0     14    13   92.86
 227     14   80.00   88.89       8     10      9       0     12    11   91.67
 228     14   60.00   66.67       6     10      9       1     13    12   92.31
 229     14  100.00   90.00       9      9     10       0     13    12   92.31
 230     12   91.67   91.67      11     12     12       0     11     9   81.82
 231     16   33.33   35.29       6     18     17      10     14    14  100.00
 232     20   50.00   46.67       7     14     15       2     19    17   89.47
 233     11   62.50   62.50       5      8      8       0     10     9   90.00
 234     12  100.00  100.00      10     10     10       0     11    11  100.00
 235     18   57.14   72.73       8     14     11       3     17    16   94.12
 236     19   81.25   81.25      13     16     16       1     16    16  100.00
 237     13  100.00   92.86      13     13     14       0     12    11   91.67
 238     20   78.57   84.62      11     14     13       1     17    14   82.35
 239     16   53.33   57.14       8     15     14       5     14    13   92.86
 240      9   28.57   28.57       2      7      7       3      8     8  100.00
 241     14   75.00   69.23       9     12     13       3     13    12   92.31
 242     18   80.95   89.47      17     21     19       1     16    15   93.75
 243     17   76.92   83.33      10     13     12       1     16    14   87.50
 244      1  100.00  100.00       1      1      1       0      1     1  100.00
 245     17   45.45   41.67       5     11     12       3     16    15   93.75
 246     15   73.33   91.67      11     15     12       1     14    12   85.71
 247     11  100.00  100.00       9      9      9       0     10    10  100.00
 248     16   92.31  100.00      12     13     12       0     14    14  100.00
 249     11   30.00   27.27       3     10     11       7      9     7   77.78
 250     15   53.85   46.67       7     13     15       6     13    13  100.00
 251     19   75.00   75.00      12     16     16       2     16    14   87.50
 252      4    0.00    0.00       0      1      2       0      2     2  100.00
 253      3    0.00    0.00       0      1      3       0      2     0    0.00
 254     19   77.78   87.50       7      9      8       0     16    14   87.50
 255      3    0.00    0.00       0      1      3       0      2     0    0.00
 256     17   27.27   20.00       3     11     15       2     15    10   66.67
 257      3    0.00    0.00       0      1      2       0      2     1   50.00
 258     20   53.33   57.14       8     15     14       3     19    16   84.21
 259      3    0.00    0.00       0      1      1       0      2     1   50.00
 260     18   90.91   90.91      10     11     11       0     17    15   88.24
 261     14   75.00   75.00       6      8      8       1     12    10   83.33
 262     17   92.86   92.86      13     14     14       0     16    16  100.00
 263     11  100.00  100.00       9      9      9       0     10    10  100.00
 264     18   94.12   94.12      16     17     17       0     17    16   94.12
 265     20   52.63   55.56      10     19     18       1     18    13   72.22
 266     11  100.00  100.00       9      9      9       0     10    10  100.00
 267     17   76.92   83.33      10     13     12       1     15    14   93.33
 268     20   36.36   36.36       8     22     22      13     19    17   89.47
 269     19   85.71  100.00      12     14     12       0     18    18  100.00
 270     18   88.24   93.75      15     17     16       0     16    15   93.75
 271     16   50.00   50.00       6     12     12       5     14    11   78.57
 272     18   69.23   69.23       9     13     13       2     15    12   80.00
 273      8   83.33   71.43       5      6      7       0      5     5  100.00
 274     19   53.85   77.78       7     13      9       0     18    17   94.44
 275     13  100.00   90.91      10     10     11       0     12    12  100.00
 276     17   62.50   62.50       5      8      8       1     15    14   93.33
 277     18   66.67   72.73       8     12     11       3     16    16  100.00
 278     13  100.00   90.91      10     10     11       0     12    11   91.67
 279     13  100.00  100.00       9      9      9       0     12    10   83.33
 280     11  100.00   80.00       4      4      5       0     10     8   80.00
 281     15   76.92   90.91      10     13     11       1     13    12   92.31
 282     18   72.73   72.73       8     11     11       2     17    16   94.12
 283     16   50.00   60.00       6     12     10       2     15    12   80.00
 284     16   69.23   75.00       9     13     12       3     15    15  100.00
 285     16   95.00   95.00      19     20     20       0     15    14   93.33
 286     11  100.00  100.00       8      8      8       0     10     9   90.00
 287     17   81.82   81.82       9     11     11       2     16    13   81.25
 288     12  100.00  100.00       8      8      8       0     11    10   90.91
 289     12  100.00   80.00       4      4      5       0     11    11  100.00
 290      7  100.00  100.00       5      5      5       0      6     6  100.00
 291     13   90.00   75.00       9     10     12       0     12    12  100.00
 292     13   81.82   90.00       9     11     10       1     12    12  100.00
 293     11   66.67   60.00       6      9     10       4     10    10  100.00
 294     10   75.00  100.00       6      8      6       0      9     9  100.00
 295      7   60.00   75.00       3      5      4       0      6     6  100.00
 296     13  100.00  100.00      12     12     12       0     12    11   91.67
 297     11  100.00   90.00       9      9     10       0     10    10  100.00
 298     10   75.00   75.00       6      8      8       0      9     9  100.00
 299     19   85.71   92.31      12     14     13       1     16    16  100.00
 300     17   69.23   81.82       9     13     11       1     14    13   92.86
 301     20   68.75   78.57      11     16     14       2     17    16   94.12
 302     16   91.67   78.57      11     12     14       0     12    12  100.00
 303     19   83.33   90.91      10     12     11       1     16    16  100.00
 304      7   83.33   83.33       5      6      6       0      5     4   80.00
 305     12   62.50   62.50       5      8      8       0     11     9   81.82
 306      5  100.00  100.00       6      6      6       0      4     4  100.00
 307     18   80.00   72.73       8     10     11       0     13    12   92.31
 308     19   66.67   72.73       8     12     11       2     16    16  100.00
 309      9   83.33   83.33       5      6      6       0      7     6   85.71
 310     16   45.45   71.43       5     11      7       1     12    11   91.67
 311      9   25.00   33.33       2      8      6       1      6     5   83.33
 312     13   92.31   92.31      12     13     13       0     12    12  100.00
 313     19   73.33   73.33      11     15     15       2     16    14   87.50
 314     15   90.91   90.91      10     11     11       0     14    14  100.00
 315     13   60.00   60.00       6     10     10       4     12     9   75.00
 316     20   69.23   81.82       9     13     11       2     16    15   93.75
 317     12   88.89  100.00       8      9      8       0     11    11  100.00
 318     18   63.64   70.00       7     11     10       1     15    13   86.67
 319     18   75.00  100.00       9     12      9       0     15    14   93.33
 320     17   78.57   91.67      11     14     12       0     14    12   85.71
 321     18   69.23   69.23       9     13     13       4     13    12   92.31
 322      8  100.00  100.00       6      6      6       0      7     5   71.43
 323     18   45.00   52.94       9     20     17       4     17    15   88.24
 324     20   50.00   57.14       8     16     14       6     17    15   88.24
 325     15   66.67   66.67       6      9      9       0     12     8   66.67
 326      7   50.00   60.00       3      6      5       1      6     4   66.67
 327     10   40.00   50.00       2      5      4       0      6     5   83.33
 328     13   90.00   81.82       9     10     11       0     12    12  100.00
 329      5  100.00  100.00       4      4      4       0      4     4  100.00
 330     13   66.67   85.71       6      9      7       0     11     8   72.73
 331     15  100.00   90.00       9      9     10       0     13    13  100.00
 332     18   69.23   69.23       9     13     13       4     17    17  100.00
 333     15   80.00   72.73       8     10     11       0     14    14  100.00
 334     20   80.00   80.00      12     15     15       1     16    14   87.50
 335      6   80.00   80.00       4      5      5       0      4     4  100.00
 336     15   25.00   33.33       4     16     12       7     10     7   70.00
 337     17   80.00   80.00      12     15     15       0     13    11   84.62
 338     19   73.33   84.62      11     15     13       0     17    16   94.12
 339     18   41.18   50.00       7     17     14       6     16    14   87.50
 340     19   73.33   68.75      11     15     16       2     17    14   82.35
 341     10   37.50   75.00       3      8      4       0      6     4   66.67
 342     15   64.29   64.29       9     14     14       4     13    12   92.31
 343     10   33.33   42.86       3      9      7       3      9     9  100.00
 344     12   75.00   75.00       9     12     12       0     10     9   90.00
 345     13   75.00   85.71       6      8      7       0     10     8   80.00
 346     12   54.55   75.00       6     11      8       1     11     9   81.82
 347     16   33.33   40.00       6     18     15       5     13    10   76.92
 348     19   55.56   66.67      10     18     15       3     16    14   87.50
 349     14   69.23   75.00       9     13     12       3     12    12  100.00
 350     16   90.00   81.82       9     10     11       0     15    12   80.00
 351     19   58.33   70.00       7     12     10       0     18    14   77.78
 352     14   81.82   81.82       9     11     11       0     13    10   76.92
 353     16   35.71   55.56       5     14      9       1     12     8   66.67
 354      9   77.78  100.00       7      9      7       0      8     6   75.00
 355     13   81.82   90.00       9     11     10       1     11    11  100.00
 356     10   85.71  100.00       6      7      6       0      9     6   66.67
 357      5   83.33  100.00       5      6      5       0      4     2   50.00
 358     13   54.55   85.71       6     11      7       0     10     7   70.00
 359      7   83.33  100.00       5      6      5       0      6     3   50.00
 360     15   90.00  100.00       9     10      9       0     14    11   78.57
 361     18   60.00   75.00       6     10      8       0     15     9   60.00
 362     17   36.36   30.77       4     11     13       6     15    11   73.33
 363     19   69.23   81.82       9     13     11       1     17    15   88.24
 364     18   90.00   81.82       9     10     11       0     15    11   73.33
 365     19   91.67   84.62      11     12     13       0     15    14   93.33
 366     18   73.33   84.62      11     15     13       0     15    14   93.33
 367     11  100.00  100.00       8      8      8       0     10     8   80.00
 368     17  100.00  100.00       9      9      9       0     15    15  100.00
 369     15   87.50   77.78       7      8      9       0     13    13  100.00
 370     19   85.71   85.71      12     14     14       1     16    16  100.00
 371     15   72.73   66.67       8     11     12       1     13    12   92.31
 372     12   54.55   60.00       6     11     10       4     11    11  100.00
 373     11   85.71  100.00       6      7      6       0     10    10  100.00
 374     18   81.25   92.86      13     16     14       0     15    13   86.67
 375     18   87.50   87.50      14     16     16       2     17    17  100.00
 376     17   94.12  100.00      16     17     16       0     16    16  100.00
 377     17   93.33  100.00      14     15     14       0     16    16  100.00
 378     13   85.71   85.71       6      7      7       0     12    10   83.33
 379     16   62.50   62.50       5      8      8       0     13     9   69.23
 380     16   66.67   80.00       8     12     10       0     14    12   85.71
 381     17   63.64   70.00       7     11     10       0     14    12   85.71
 382     16   61.54   72.73       8     13     11       3     14    11   78.57
 383     14   33.33   42.86       3      9      7       1     10     8   80.00
 384     11   66.67   57.14       4      6      7       0      8     7   87.50
 385     20   66.67   55.56      10     15     18       2     19    16   84.21
 386     11   75.00   66.67       6      8      9       0      8     8  100.00
 387     13   66.67   75.00       6      9      8       2     10     7   70.00
 388     11  100.00  100.00       8      8      8       0      9     9  100.00
 389     18   76.92   58.82      10     13     17       1     14    13   92.86
 390     18  100.00  100.00      16     16     16       0     17    17  100.00
 391     14   70.00   70.00       7     10     10       1      7     7  100.00
 392     19   78.57   78.57      11     14     14       2     16    16  100.00
 393     12   57.14   50.00       4      7      8       1     10     7   70.00
 394     15   76.47   81.25      13     17     16       1     13    10   76.92
 395      9   50.00   37.50       3      6      8       0      6     5   83.33
 396     17   76.92   90.91      10     13     11       0     15    13   86.67
 397     18  100.00   83.33      15     15     18       0     15    14   93.33
 398     18   83.33   83.33      10     12     12       1     17    15   88.24
 399      7   40.00   33.33       2      5      6       0      6     5   83.33
 400     20   73.68   77.78      14     19     18       3     17    15   88.24
 401     20   50.00   69.23       9     18     13       2     17    16   94.12
 402      9  100.00  100.00       8      8      8       0      8     8  100.00
 403     15   33.33   28.57       4     12     14       5     14    12   85.71
 404     11   87.50   77.78       7      8      9       0     10     8   80.00
 405     15  100.00   92.31      12     12     13       0     14    14  100.00
 406     10   75.00   85.71       6      8      7       0      8     6   75.00
 407     19   61.54   72.73       8     13     11       1     15    11   73.33
 408     16   66.67   50.00       6      9     12       1     14    10   71.43
 409      7  100.00  100.00       7      7      7       0      6     6  100.00
 410     18   42.86   50.00       6     14     12       6     17    16   94.12
 411     20   84.62   84.62      11     13     13       0     17    15   88.24
 412     19   53.85   58.33       7     13     12       2     17    15   88.24
 413     18   62.50   66.67      10     16     15       2     14    14  100.00
 414     16   66.67   71.43      10     15     14       1     13    13  100.00
 415     17   68.75   84.62      11     16     13       2     15    12   80.00
 416     13   50.00   58.33       7     14     12       3     12     8   66.67
 417     11   87.50   87.50       7      8      8       0      9     8   88.89
 418     14  100.00  100.00       9      9      9       0     13    13  100.00
 419     18   81.82   90.00       9     11     10       0     15    13   86.67
 420     18   73.68   82.35      14     19     17       3     16    14   87.50
 421      3    0.00    0.00       0      1      3       0      3     2   66.67
 422     16   92.31  100.00      12     13     12       0     13    13  100.00
 423     17   81.82   90.00       9     11     10       0     14    13   92.86
 424     18   92.31  100.00      12     13     12       0     17    17  100.00
 425     13   50.00   50.00       6     12     12       2     10     9   90.00
 426      6  100.00  100.00       5      5      5       0      5     4   80.00
 427     15   87.50   87.50       7      8      8       0     13    12   92.31
 428      7   75.00   75.00       3      4      4       0      6     6  100.00
 429     13   85.71  100.00       6      7      6       0     12    11   91.67
 430     13   84.62  100.00      11     13     11       0     12    10   83.33
 431     15   76.92  100.00      10     13     10       0     12    12  100.00
 432     12   75.00   85.71       6      8      7       0     11    11  100.00
 433     16   30.00   25.00       3     10     12       7     12     8   66.67
 434     15   69.23   81.82       9     13     11       1     13    12   92.31
 435     18   70.59   70.59      12     17     17       4     17    16   94.12
 436     20   55.56   62.50      10     18     16       2     17    15   88.24
 437      5  100.00  100.00       4      4      4       0      4     3   75.00
 438     19   92.31   92.31      12     13     13       0     18    18  100.00
 439     14   90.00   81.82       9     10     11       1     13    13  100.00
 440     14   60.00   81.82       9     15     11       0     12    10   83.33
 441     20   61.54   61.54       8     13     13       3     15    15  100.00
 442     17   50.00   50.00       7     14     14       5     16    12   75.00
 443     11   77.78   77.78       7      9      9       2     10     9   90.00
 444     18  100.00  100.00      15     15     15       0     17    14   82.35
 445     10   87.50   77.78       7      8      9       0      9     8   88.89
 446     17   53.85   53.85       7     13     13       6     16    14   87.50
 447     19   41.18   38.89       7     17     18       9     14    12   85.71
 448     12   57.14   50.00       4      7      8       0      9     7   77.78
 449     18   92.86   92.86      13     14     14       0     16    15   93.75
 450     18   58.82   66.67      10     17     15       2     16    13   81.25
 451     19  100.00  100.00      15     15     15       0     17    17  100.00
 452     13  100.00  100.00      10     10     10       0     11    11  100.00
 453     20   71.43   62.50      10     14     16       3     18    16   88.89
 454     17   78.57   78.57      11     14     14       2     15    14   93.33
 455     18   78.57   78.57      11     14     14       1     16    16  100.00
 456     18   63.64   70.00       7     11     10       2     15    14   93.33
 457     19   73.33  100.00      11     15     11       0     16    15   93.75
 458     14  100.00  100.00       9      9      9       0     13    12   92.31
 459     12   77.78  100.00       7      9      7       0     11    11  100.00
 460     20   62.50   66.67      10     16     15       3     17    16   94.12
 461     12  100.00  100.00      12     12     12       0     11    11  100.00
 462     14   93.75   93.75      15     16     16       0     13    13  100.00
 463     20  100.00   92.86      13     13     14       0     18    17   94.44
 464     16  100.00  100.00      12     12     12       0     15    15  100.00
 465     18   91.67   84.62      11     12     13       0     16    15   93.75
 466     20   60.00   60.00       6     10     10       1     17    16   94.12
 467     17  100.00  100.00      16     16     16       0     16    16  100.00
 468     18  100.00  100.00      11     11     11       0     15    15  100.00
 469     15   61.54   57.14       8     13     14       5     14    13   92.86
 470     19   40.00   37.50       6     15     16       7     18    16   88.89
 471      6  100.00  100.00       4      4      4       0      5     5  100.00
 472     15   91.67   91.67      11     12     12       0     13    11   84.62
 473     20   53.33   61.54       8     15     13       3     19    17   89.47
 474     20   73.33   73.33      11     15     15       2     19    14   73.68
 475     15   66.67   72.73       8     12     11       2     14    10   71.43
 476     19   54.55   54.55       6     11     11       1     17    16   94.12
 477     13   45.45   50.00       5     11     10       3     10     9   90.00
 478     14   45.45   45.45       5     11     11       3     11     5   45.45
 479     17   92.86   92.86      13     14     14       0     14    14  100.00
 480     10   71.43   71.43       5      7      7       0      9     7   77.78
 481     12   44.44   50.00       4      9      8       3      9     7   77.78
 482     11  100.00  100.00       6      6      6       0     10     9   90.00
 483     20   75.00   66.67      12     16     18       3     19    16   84.21
 484     19   53.85   50.00       7     13     14       4     15    13   86.67
 485     13   71.43   62.50       5      7      8       0      9     9  100.00
 486      8   80.00   80.00       4      5      5       0      7     6   85.71
 487     20   62.50   71.43      10     16     14       3     18    16   88.89
 488     11   75.00  100.00       6      8      6       0     10    10  100.00
 489     17   57.14   80.00       8     14     10       1     16    15   93.75
 490     10   75.00   85.71       6      8      7       1      9     9  100.00
 491     20   38.89   41.18       7     18     17       9     18    17   94.44
 492     17   84.62   84.62      11     13     13       0     14    12   85.71
 493      9  100.00  100.00       8      8      8       0      8     8  100.00
 494     16   70.59   85.71      12     17     14       2     15    13   86.67
 495     19   92.86  100.00      13     14     13       0     17    14   82.35
 496     19   83.33   76.92      10     12     13       0     17    14   82.35
 497     15   87.50  100.00       7      8      7       0     14    11   78.57
 498     20   50.00   50.00       4      8      8       2     17    11   64.71
 499     19   78.57   73.33      11     14     15       0     15    14   93.33
 500     19   50.00   50.00       7     14     14       2     16    15   93.75
 501      9   40.00   33.33       2      5      6       1      7     6   85.71
 502     17   94.12   94.12      16     17     17       0     13    12   92.31
 503     13   72.73   80.00       8     11     10       2     12    12  100.00
 504     12   80.00   72.73       8     10     11       0     11     9   81.82
 505     14   90.91  100.00      10     11     10       0     13    13  100.00
 506     18   66.67   72.73       8     12     11       2     16    16  100.00
 507      9   16.67   12.50       1      6      8       2      8     7   87.50
 508     20   78.95   75.00      15     19     20       3     18    17   94.44
 509     19   62.50   66.67      10     16     15       4     18    18  100.00
 510      7   50.00   66.67       2      4      3       0      4     2   50.00
 511     12  100.00   90.00       9      9     10       0     11     8   72.73
 512     18   85.71  100.00      12     14     12       0     15    14   93.33
 513     12  100.00  100.00       7      7      7       0     10    10  100.00
 514      8   66.67   75.00       6      9      8       1      7     6   85.71
 515     13  100.00  100.00       9      9      9       0     10    10  100.00
 516     12   90.91  100.00      10     11     10       0     11    10   90.91
 517      9  100.00  100.00       7      7      7       0      8     7   87.50
 518     17  100.00  100.00      13     13     13       0     15    15  100.00
 519     10   85.71  100.00       6      7      6       0      9     8   88.89
 520      9   71.43   62.50       5      7      8       2      8     7   87.50
 521     19   92.31  100.00      12     13     12       0     16    16  100.00
 522     13  100.00  100.00      10     10     10       0     11    11  100.00
 523     12  100.00  100.00       7      7      7       0     11    10   90.91
 524     16   78.57  100.00      11     14     11       0     13    11   84.62
 525     16   92.86  100.00      13     14     13       0     15    14   93.33
 526     20   94.12   94.12      16     17     17       0     16    14   87.50
 527      8  100.00  100.00       8      8      8       0      7     6   85.71
 528     15  100.00  100.00       9      9      9       0     12    11   91.67
 529      6  100.00  100.00       5      5      5       0      6     6  100.00
 530      6  100.00   83.33       5      5      6       0      5     5  100.00
 531      8   50.00   50.00       2      4      4       0      6     6  100.00
 532     11  100.00  100.00       8      8      8       0      8     8  100.00
 533     12   62.50   50.00       5      8     10       2     11    10   90.91
 534     18   92.31   92.31      12     13     13       1     16    16  100.00
 535     19  100.00  100.00      10     10     10       0     17    16   94.12
 536     16   66.67   88.89       8     12      9       0     15    13   86.67
 537      5   75.00   75.00       3      4      4       0      5     3   60.00
 538     12  100.00  100.00      10     10     10       0     10    10  100.00
 539     15   69.23   75.00       9     13     12       0     13    12   92.31
 540     14   35.71   38.46       5     14     13       7     12    12  100.00
 541     11  100.00  100.00       9      9      9       0     10     9   90.00
 542     10   44.44   44.44       4      9      9       3      8     6   75.00
 543     17   90.91   83.33      10     11     12       0     15    15  100.00
 544     19   94.44   89.47      17     18     19       1     18    18  100.00
 545     16   61.54   66.67       8     13     12       1     15    13   86.67
 546      6  100.00  100.00       6      6      6       0      6     4   66.67
 547     11   87.50  100.00       7      8      7       0     10     9   90.00
 548     19   60.00   64.29       9     15     14       0     16    12   75.00
 549     17   55.56   71.43      10     18     14       4     16    15   93.75
 550     14  100.00  100.00       9      9      9       0     12    10   83.33
 551     20   71.43   71.43      10     14     14       4     18    18  100.00
 552     18   85.71   92.31      12     14     13       1     16    16  100.00
 553     18   81.25   92.86      13     16     14       0     16    13   81.25
 554     12   80.00   72.73       8     10     11       0     11     8   72.73
 555     12   60.00   75.00       6     10      8       1     10     9   90.00
 556     13   76.92   83.33      10     13     12       1     12    10   83.33
 557      3  100.00   50.00       1      1      2       0      3     3  100.00
 558     17   69.23   60.00       9     13     15       4     15    15  100.00
 559     17   30.77   28.57       4     13     14       7     15    15  100.00
 560     13   50.00   45.45       5     10     11       5     11    10   90.91
 561      8   60.00   75.00       3      5      4       1      7     7  100.00
 562     16   25.00   30.77       4     16     13       7     15    10   66.67
 563     19   46.15   66.67       6     13      9       1     16    12   75.00
 564     13  100.00  100.00       8      8      8       0     12    11   91.67
 565     13   36.36   40.00       4     11     10       4      9     9  100.00
 566      9   87.50   87.50       7      8      8       0      7     6   85.71
 567     11   54.55   60.00       6     11     10       4      9     8   88.89
 568      6   50.00   50.00       2      4      4       0      5     5  100.00
 569     19   47.06   50.00       8     17     16       5     15    13   86.67
 570     15   66.67   80.00       8     12     10       1     12    12  100.00
 571     16   85.71   75.00       6      7      8       0     10     8   80.00
 572     17   70.00   77.78       7     10      9       0     15    13   86.67
 573      2  100.00  100.00       1      1      1       0      2     2  100.00
 574     16   23.08   23.08       3     13     13       5     14    12   85.71
 575     16   70.00   63.64       7     10     11       3     15    12   80.00
 576     19   56.25   56.25       9     16     16       5     17    13   76.47
 577     17   56.25   52.94       9     16     17       3     16    10   62.50
 578     11  100.00  100.00       7      7      7       0      9     9  100.00
 579     12   61.54   66.67       8     13     12       3     10    10  100.00
 580     17   85.71  100.00      12     14     12       0     15    13   86.67
 581      3   50.00   66.67       2      4      3       0      2     1   50.00
 582     10   90.00   90.00       9     10     10       0      9     7   77.78
 583     11   36.36   36.36       4     11     11       5     10     6   60.00
 584     16   45.45   62.50       5     11      8       0     13     8   61.54
 585     19   64.29   69.23       9     14     13       3     16    16  100.00
 586     12   87.50  100.00       7      8      7       0     10     7   70.00
 587     16   36.36   44.44       4     11      9       1     15    11   73.33
 588      3  100.00  100.00       3      3      3       0      2     2  100.00
 589     18   86.67   86.67      13     15     15       2     15    15  100.00
 590     15   76.92   90.91      10     13     11       0     12     9   75.00
 591      4   75.00   75.00       3      4      4       0      3     2   66.67
 592     15   60.00   85.71       6     10      7       1     12    12  100.00
 593     20   63.16   60.00      12     19     20       5     19    17   89.47
 594     17   72.73   66.67       8     11     12       1     15    11   73.33
 595     14   69.23   81.82       9     13     11       2     13    10   76.92
 596     18   75.00   75.00      12     16     16       1     14    14  100.00
 597      8  100.00   88.89       8      8      9       0      7     6   85.71
 598     12  100.00  100.00      10     10     10       0     11    11  100.00
 599     15   76.92   76.92      10     13     13       1     14    11   78.57
 600     20   72.22   72.22      13     18     18       3     19    18   94.74
 601      9  100.00  100.00       8      8      8       0      8     7   87.50
 602     13   83.33   90.91      10     12     11       1     12    11   91.67
 603     17   91.67   84.62      11     12     13       0     16    16  100.00
 604     18   64.29   75.00       9     14     12       2     17    13   76.47
 605     13  100.00  100.00      14     14     14       0     12    12  100.00
 606      8   83.33   83.33       5      6      6       0      6     6  100.00
 607     12   81.82   90.00       9     11     10       0     11     9   81.82
 608     18   52.94   52.94       9     17     17       6     14    13   92.86
 609     16   42.86   46.15       6     14     13       6     15     9   60.00
 610     19   93.75   93.75      15     16     16       0     17    17  100.00
 611     11   33.33   33.33       3      9      9       3      8     7   87.50
 612     19   61.54   57.14       8     13     14       2     17    14   82.35
 613     17   45.45   50.00       5     11     10       4     14    14  100.00
 614     16   38.46   41.67       5     13     12       5     14    10   71.43
 615     17   50.00   54.55       6     12     11       2     14    10   71.43
 616     12   70.00   87.50       7     10      8       1     11    11  100.00
 617      4    0.00    0.00       0      3      2       1      3     3  100.00
 618     13   75.00   75.00       6      8      8       1     12    11   91.67
 619      9  100.00  100.00       5      5      5       0      8     8  100.00
 620     12   83.33   62.50       5      6      8       0     10     7   70.00
 621     19   78.57   68.75      11     14     16       3     17    15   88.24
 622      8  100.00  100.00       5      5      5       0      7     6   85.71
 623     20   62.50   58.82      10     16     17       7     18    17   94.44
 624      4   66.67   66.67       2      3      3       0      3     2   66.67
 625      8  100.00  100.00       4      4      4       0      7     7  100.00
 626      2  100.00  100.00       1      1      1       0      2     2  100.00
 627      4   33.33   33.33       1      3      3       0      2     1   50.00
 628     16   85.71   75.00       6      7      8       0     15    11   73.33
 629     13  100.00  100.00      10     10     10       0     11    11  100.00
 630     11   85.71  100.00       6      7      6       0     10    10  100.00
 631     19   60.00   64.29       9     15     14       4     18    17   94.44
 632     12   77.78   70.00       7      9     10       1     11    11  100.00
 633      9   33.33   50.00       2      6      4       0      7     5   71.43
 634     12   81.82   90.00       9     11     10       0     10     9   90.00
 635     20   71.43   83.33      15     21     18       0     18    17   94.44
 636      9   25.00   28.57       2      8      7       3      8     6   75.00
 637      3    0.00    0.00       0      1      3       0      2     1   50.00
 638     17   60.00   60.00       9     15     15       4     13    13  100.00
 639     18   38.46   33.33       5     13     15       6     14    14  100.00
 640     11  100.00  100.00       9      9      9       0      9     8   88.89
 641     15   85.71   92.31      12     14     13       0     14    13   92.86
 642      8   85.71  100.00       6      7      6       0      7     6   85.71
 643     12   54.55   54.55       6     11     11       3     10     9   90.00
 644     20   71.43   76.92      10     14     13       0     13    12   92.31
 645      3    0.00    0.00       0      1      3       0      2     1   50.00
 646     14   66.67   75.00       6      9      8       1     10    10  100.00
 647     15   42.86   50.00       6     14     12       4     13    12   92.31
 648     15  100.00   88.89       8      8      9       0     12    11   91.67
 649     11  100.00   90.00       9      9     10       0     10     9   90.00
 650     20   64.29   69.23       9     14     13       1     16    14   87.50
 651     16   63.64   63.64       7     11     11       1     12    12  100.00
 652      7  100.00   85.71       6      6      7       0      5     5  100.00
 653     18   92.31   85.71      12     13     14       0     16    15   93.75
 654      3    0.00    0.00       0      1      2       0      2     2  100.00
 655     20   82.35   93.33      14     17     15       0     17    17  100.00
 656     13   88.89   80.00       8      9     10       0      9     9  100.00
 657      9   66.67   80.00       4      6      5       1      7     6   85.71
 658     10   85.71  100.00       6      7      6       0      9     8   88.89
 659     12  100.00  100.00      10     10     10       0     10    10  100.00
 660     11   57.14   66.67       4      7      6       1      9     7   77.78
 661     14  100.00  100.00      11     11     11       0     11    10   90.91
 662     16   93.33   82.35      14     15     17       0     12    11   91.67
 663     15   70.00   70.00       7     10     10       2     12    11   91.67
 664      8   75.00   60.00       3      4      5       0      6     4   66.67
 665     19   66.67   61.54       8     12     13       1     18    14   77.78
 666     13   75.00   66.67       6      8      9       0      9     7   77.78
 667      9   62.50   55.56       5      8      9       0      6     4   66.67
 668      4    0.00    0.00       0      1      3       0      3     2   66.67
 669     14  100.00  100.00      11     11     11       0     12    10   83.33
 670     19   37.50   42.86       6     16     14       6     15    15  100.00
 671     13   45.45   50.00       5     11     10       4     12    11   91.67
 672     11   62.50   62.50       5      8      8       1      9     9  100.00
 673      9  100.00  100.00       7      7      7       0      7     7  100.00
 674     17   85.71   92.31      12     14     13       1     15    14   93.33
 675     10  100.00   71.43       5      5      7       0      7     6   85.71
 676     20   64.71   73.33      11     17     15       1     15    15  100.00
 677     17   73.68   87.50      14     19     16       1     15    14   93.33
 678      4    0.00    0.00       0      1      3       0      3     2   66.67
 679     18   66.67   61.54       8     12     13       1     14    13   92.86
 680     13   27.27   42.86       3     11      7       2     11     9   81.82
 681     11  100.00  100.00      10     10     10       0      9     8   88.89
 682     19   38.89   43.75       7     18     16       4     15    12   80.00
 683      3    0.00    0.00       0      1      3       0      2     1   50.00
 684     16   85.71   85.71      12     14     14       0     12    12  100.00
 685     15   57.14   57.14       8     14     14       1     11    10   90.91
 686      3    0.00    0.00       0      1      3       0      2     1   50.00
 687     12   88.89   88.89       8      9      9       0      8     8  100.00
 688     17   75.00   69.23       9     12     13       1     13    12   92.31
 689     20   42.11   38.10       8     19     21      12     19    17   89.47
 690      3    0.00    0.00       0      1      3       0      2     1   50.00
 691     11  100.00  100.00       9      9      9       0     10     8   80.00
 692     17   66.67   83.33      10     15     12       2     16    15   93.75
 693     13   55.56   50.00       5      9     10       4      9     9  100.00
 694      4    0.00    0.00       0      1      3       0      3     2   66.67
 695     15   60.00   46.15       6     10     13       4     13    13  100.00
 696     14   53.85   70.00       7     13     10       0     10     9   90.00
 697     18   60.00   75.00       6     10      8       1     14    12   85.71
 698     11   90.00  100.00       9     10      9       0     10     9   90.00
 699     17   69.23   75.00       9     13     12       1     15    11   73.33
 700      5  100.00  100.00       4      4      4       0      3     3  100.00
 701     18   85.71   92.31      12     14     13       0     17    15   88.24
 702     12   55.56   55.56       5      9      9       2     11     9   81.82
 703     14  100.00  100.00      12     12     12       0     13    12   92.31
 704     16   55.56   50.00       5      9     10       3     12    10   83.33
 705     17   63.64   70.00       7     11     10       2     14    14  100.00
 706     15   46.15   50.00       6     13     12       5     12    12  100.00
 707      3    0.00    0.00       0      2      3       0      2     0    0.00
 708      7  100.00  100.00       5      5      5       0      5     4   80.00
 709      7  100.00   85.71       6      6      7       0      6     6  100.00
 710     17   30.77   44.44       4     13      9       2     15    13   86.67
 711     12   92.31   92.31      12     13     13       0     11    11  100.00
 712     10   25.00   50.00       2      8      4       1      7     6   85.71
 713     17   64.29   69.23       9     14     13       3     15    14   93.33
 714      7   42.86   37.50       3      7      8       0      6     4   66.67
 715     12   50.00   54.55       6     12     11       5     11    11  100.00
 716     19   68.42   72.22      13     19     18       3     18    18  100.00
 717     15   16.67   14.29       2     12     14       9     14    11   78.57
 718     11   42.86   42.86       3      7      7       1      9     7   77.78
 719     10   66.67  100.00       4      6      4       0      9     8   88.89
 720     17   71.43   76.92      10     14     13       1     15    14   93.33
 721     11   83.33   83.33       5      6      6       0      9     9  100.00
 722      8   50.00   80.00       4      8      5       0      7     6   85.71
 723     14   62.50   66.67      10     16     15       4     13    10   76.92
 724     10   85.71   66.67       6      7      9       1      9     8   88.89
 725      2  100.00  100.00       1      1      1       0      2     2  100.00
 726      4    0.00    0.00       0      3      3       0      2     1   50.00
 727     11   37.50   50.00       3      8      6       0      9     8   88.89
 728     16   85.71   92.31      12     14     13       0     14    13   92.86
 729     19   83.33   71.43      10     12     14       1     18    12   66.67
 730      5    0.00    0.00       0      1      4       0      4     3   75.00
 731      5   33.33   33.33       1      3      3       0      3     2   66.67
 732     15   60.00   50.00       6     10     12       5     13    12   92.31
 733      4    0.00    0.00       0      2      3       0      3     3  100.00
 734     12   27.27   37.50       3     11      8       1      9     6   66.67
 735     20   71.43   76.92      10     14     13       2     18    16   88.89
 736     18   75.00   75.00       9     12     12       2     16    14   87.50
 737     20   55.56   55.56       5      9      9       2     18    13   72.22
 738     19   26.67   33.33       4     15     12       7     15     8   53.33
 739     16   54.55   54.55       6     11     11       2     13    13  100.00
 740     14   81.82   90.00       9     11     10       1     13    12   92.31
 741     20   60.00   69.23       9     15     13       0     18    17   94.44
 742     13   60.00   60.00       6     10     10       3     12    12  100.00
 743     17   42.86   40.00       6     14     15       7     16    15   93.75
 744     11   77.78   77.78       7      9      9       0      8     8  100.00
 745     14  100.00   90.91      10     10     11       0     12    11   91.67
 746     17   66.67   72.73       8     12     11       2     12    12  100.00
 747     16   88.89   84.21      16     18     19       2     15    13   86.67
 748     12   90.00   90.00       9     10     10       0     10     7   70.00
 749     13   60.00   60.00       6     10     10       2     10    10  100.00
 750     13   41.67   50.00       5     12     10       2      9     8   88.89
 751     16   66.67   50.00       8     12     16       2     14    12   85.71
 752     18   43.75   46.67       7     16     15       4     15    15  100.00
 753     20   42.86   52.94       9     21     17       6     18    17   94.44
 754     12   80.00   72.73       8     10     11       0      8     7   87.50
 755     19   92.86   92.86      13     14     14       0     16    16  100.00
 756     16  100.00  100.00      10     10     10       0     14    11   78.57
 757      5   75.00   75.00       3      4      4       0      4     3   75.00
 758     17  100.00  100.00      15     15     15       0     16    16  100.00
 759     20   66.67   75.00      12     18     16       0     16    13   81.25
 760     17   41.18   53.85       7     17     13       1     16    11   68.75
 761     19   53.33   57.14       8     15     14       4     15    13   86.67
 762      7   80.00   80.00       4      5      5       0      6     5   83.33
 763     20   63.64   63.64       7     11     11       2     17    15   88.24
 764     11   71.43   71.43       5      7      7       0     10    10  100.00
 765      5  100.00  100.00       4      4      4       0      4     4  100.00
 766     12   77.78   87.50       7      9      8       0      9     9  100.00
 767     15   80.00   88.89       8     10      9       0     11    11  100.00
 768      9  100.00  100.00       7      7      7       0      8     8  100.00
 769      7   50.00   60.00       3      6      5       0      6     4   66.67
 770     15   71.43   66.67      10     14     15       4     14    14  100.00
 771      6  100.00  100.00       1      1      1       0      4     4  100.00
 772      3  100.00  100.00       1      1      1       0      2     1   50.00
 773      4   50.00   33.33       1      2      3       0      3     3  100.00
 774     14   33.33   20.00       2      6     10       4     13    11   84.62
 775      3  100.00  100.00       1      1      1       0      2     2  100.00
 776     17   64.29   60.00       9     14     15       2     16    15   93.75
 777     10   50.00   33.33       2      4      6       0      7     7  100.00
 778      3    0.00    0.00       0      1      3       0      2     1   50.00
 779      3    0.00    0.00       0      1      2       0      2     2  100.00
 780     15   55.56   55.56       5      9      9       3     14    12   85.71
 781      3    0.00    0.00       0      1      3       0      2     1   50.00
 782      7    0.00    0.00       0      2      5       0      6     6  100.00
 783     11   44.44   44.44       4      9      9       4     10     9   90.00
 784     10   83.33   71.43       5      6      7       0      9     8   88.89
 785      3    0.00    0.00       0      1      1       0      2     1   50.00
 786     15   75.00   64.29       9     12     14       2     14    14  100.00
 787     15   60.00   85.71       6     10      7       0     12    12  100.00
 788      4   50.00   50.00       2      4      4       1      3     2   66.67
 789      7  100.00  100.00       4      4      4       0      6     6  100.00
 790      7   75.00   75.00       3      4      4       0      6     6  100.00
 791     15   54.55   85.71       6     11      7       0     12    12  100.00
 792      3  100.00   50.00       1      1      2       0      2     1   50.00
 793     12   60.00   50.00       3      5      6       0     10    10  100.00
 794      4  100.00  100.00       1      1      1       0      3     2   66.67
 795      8   50.00   28.57       2      4      7       2      7     6   85.71
 796      4    0.00    0.00       0      1      3       0      3     3  100.00
 797     20   31.25   83.33       5     16      6       0     15    15  100.00
 798     15   90.91  100.00      10     11     10       0     13    13  100.00
 799      3  100.00  100.00       1      1      1       0      2     1   50.00
 800     10   57.14   80.00       4      7      5       0      8     8  100.00
 801     11   50.00   28.57       2      4      7       2      9     5   55.56
 802     12   72.73   72.73       8     11     11       0     11    10   90.91
 803     20   33.33   42.86       3      9      7       2     16    14   87.50
 804      6   66.67   66.67       2      3      3       0      4     3   75.00
 805      9   50.00   33.33       2      4      6       2      8     7   87.50
 806     17   53.33   47.06       8     15     17       4     17    16   94.12
 807     19   37.50   42.86       3      8      7       2     15    14   93.33
 808      6   66.67   66.67       2      3      3       0      4     3   75.00
 809      6    0.00    0.00       0      1      4       0      5     2   40.00
 810      3    0.00    0.00       0      1      2       0      2     2  100.00
 811     20   69.23   56.25       9     13     16       2     18    18  100.00
 812      8   75.00   85.71       6      8      7       0      7     7  100.00
 813     11   80.00  100.00       8     10      8       0     10    10  100.00
 814     17   50.00   50.00       7     14     14       7     16    15   93.75
 815     20   76.47   72.22      13     17     18       2     17    17  100.00
 816     12   58.33   63.64       7     12     11       3     11     9   81.82
 817     18   75.00   70.59      12     16     17       1     14    13   92.86
 818      7  100.00   83.33       5      5      6       0      6     6  100.00
 819     12   85.71   75.00       6      7      8       0      9     9  100.00
 820      8  100.00  100.00       5      5      5       0      7     6   85.71
 821     14   66.67   60.00       6      9     10       1     11    11  100.00
 822     10   70.00   63.64       7     10     11       3      8     7   87.50
 823     15   36.36   40.00       4     11     10       4     12    12  100.00
 824     15   91.67   84.62      11     12     13       0     11     9   81.82
 825     18   71.43   71.43      10     14     14       0     16    14   87.50
 826     18   68.75   68.75      11     16     16       2     16    13   81.25
 827      6  100.00  100.00       5      5      5       0      5     3   60.00
 828     19   66.67   57.14       8     12     14       3     15    15  100.00
 829     15   90.00  100.00       9     10      9       0     12    12  100.00
 830     16   90.00   90.00       9     10     10       0     14    14  100.00
 831     16   61.54   57.14       8     13     14       5     15    15  100.00
 832     18   70.59   85.71      12     17     14       0     16    15   93.75
 833     16   85.00  100.00      17     20     17       0     15    13   86.67
 834     17   75.00   69.23       9     12     13       2     14    13   92.86
 835     14   91.67   91.67      11     12     12       0     11    11  100.00
 836     11   66.67   57.14       4      6      7       2      8     8  100.00
 837     12   83.33   83.33       5      6      6       0     10    10  100.00
 838      3  100.00  100.00       3      3      3       0      2     2  100.00
 839     19   66.67   75.00      12     18     16       4     18    17   94.44
 840     17   81.25   81.25      13     16     16       0     15    13   86.67
 841     19   93.33  100.00      14     15     14       0     17    16   94.12
 842     18   64.29   64.29       9     14     14       3     17    15   88.24
 843      6   50.00   33.33       2      4      6       0      4     3   75.00
 844     11  100.00   91.67      11     11     12       0      9     9  100.00
 845     14   62.50   83.33      10     16     12       2     12    10   83.33
 846     20   50.00   58.82      10     20     17       6     19    17   89.47
 847     10  100.00  100.00       8      8      8       0      9     9  100.00
 848      9   66.67   66.67       4      6      6       1      8     8  100.00
 849     12   50.00   44.44       4      8      9       1     10     9   90.00
 850      7   80.00   80.00       4      5      5       0      6     6  100.00
 851      6  100.00   50.00       1      1      2       0      5     4   80.00
 852     12   44.44   44.44       4      9      9       3     10     9   90.00
 853      5  100.00   50.00       1      1      2       0      4     2   50.00
 854     10   80.00   80.00       4      5      5       0      8     7   87.50
 855      4    0.00    0.00       0      1      3       0      3     2   66.67
 856     14   60.00   42.86       3      5      7       0     12    10   83.33
 857      4  100.00   50.00       1      1      2       0      3     3  100.00
 858     18   57.14   36.36       4      7     11       1     16    10   62.50
 859      4  100.00   50.00       1      1      2       0      3     3  100.00
 860     12   80.00   80.00       4      5      5       0      9     9  100.00
 861      3    0.00    0.00       0      1      1       0      2     1   50.00
 862     10   66.67   66.67       4      6      6       0      8     8  100.00
 863      3  100.00  100.00       1      1      1       0      2     1   50.00
 864      9   80.00   80.00       4      5      5       0      7     7  100.00
 865      4  100.00   50.00       1      1      2       0      3     0    0.00
 866      9   80.00   80.00       4      5      5       0      7     7  100.00
 867      5    0.00    0.00       0      1      4       0      4     1   25.00
 868     11   80.00   66.67       4      5      6       0      9     7   77.78
 869      3    0.00    0.00       0      1      1       0      2     1   50.00
 870      8   75.00   75.00       3      4      4       0      6     5   83.33
 871      3    0.00    0.00       0      1      1       0      2     1   50.00
 872      9   80.00   80.00       4      5      5       0      7     6   85.71
 873      2  100.00  100.00       1      1      1       0      1     1  100.00
 874     18   45.45   45.45       5     11     11       3     15    14   93.33
 875      4    0.00    0.00       0      3      1       0      2     2  100.00
 876     19   50.00   41.67       5     10     12       4     17    16   94.12
 877      5    0.00    0.00       0      1      3       0      4     1   25.00
 878     19   54.55   54.55       6     11     11       2     16    13   81.25
 879      4    0.00    0.00       0      3      1       0      2     2  100.00
 880      6    0.00    0.00       0      1      4       0      5     2   40.00
 881     14   50.00   40.00       4      8     10       3     12    10   83.33
 882      2  100.00  100.00       1      1      1       0      1     1  100.00
 883      6    0.00    0.00       0      1      3       0      5     3   60.00
 884     19   75.00   75.00       9     12     12       2     16    15   93.75
 885      4  100.00   50.00       1      1      2       0      3     3  100.00
 886     11   87.50   87.50       7      8      8       0      9     8   88.89
 887      9   50.00   37.50       3      6      8       3      8     6   75.00
 888     13   50.00   44.44       4      8      9       3     11    10   90.91
 889     10    0.00    0.00       0      3      4       2      8     4   50.00
 890     16   60.00   66.67       6     10      9       2     13    10   76.92
 891      5   66.67   66.67       2      3      3       0      3     3  100.00
 892     17   44.44   40.00       4      9     10       3     15    11   73.33
 893      8    0.00    0.00       0      1      3       0      7     3   42.86
 894     10   50.00   57.14       4      8      7       2      9     9  100.00
 895     13   28.57   26.67       4     14     15       9     11    11  100.00
 896      7  100.00  100.00       8      8      8       0      6     6  100.00
 897     13  100.00   90.91      10     10     11       0     10     9   90.00
 898     18   45.00   42.86       9     20     21      10     17    15   88.24
 899     20   55.00   55.00      11     20     20       4     19    18   94.74
 900     18   36.36   47.06       8     22     17       8     17    16   94.12
 901     15   64.29   56.25       9     14     16       4     14    14  100.00
 902     14   69.23   75.00       9     13     12       2     13    13  100.00
 903     19   81.82   69.23       9     11     13       1     15    13   86.67
 904     19   72.22   86.67      13     18     15       1     16    15   93.75
 905      7  100.00   85.71       6      6      7       0      5     5  100.00
 906     16   60.00   56.25       9     15     16       6     13    12   92.31
 907     18  100.00   93.75      15     15     16       0     14    13   92.86
 908     13  100.00  100.00      10     10     10       0     11    10   90.91
 909     11   50.00   42.86       3      6      7       3      9     9  100.00
 910     18   76.92   76.92      10     13     13       0     16    14   87.50
 911     13   50.00   55.56       5     10      9       4     11    11  100.00
 912     15   45.45   41.67       5     11     12       6     14    13   92.86
 913      9  100.00  100.00       5      5      5       0      6     5   83.33
 914      7   83.33   83.33       5      6      6       0      5     5  100.00
 915     15   93.33   93.33      14     15     15       0     12     7   58.33
 916      8   66.67   80.00       4      6      5       0      7     5   71.43
 917      5   33.33   25.00       1      3      4       0      3     2   66.67
 918     13   69.23   81.82       9     13     11       0     10     8   80.00
 919     15   76.92   76.92      10     13     13       1     14    13   92.86
 920     16   46.15   54.55       6     13     11       4     15    12   80.00
 921     20   27.27   35.29       6     22     17       8     18    16   88.89
 922     19   55.00   64.71      11     20     17       4     18    16   88.89
 923     20   40.00   40.00       6     15     15       6     17    15   88.24
 924     18   53.33   66.67       8     15     12       2     13    12   92.31
 925      6  100.00   80.00       4      4      5       0      5     4   80.00
 926     19  100.00   93.33      14     14     15       0     16    15   93.75
 927     15   56.25   69.23       9     16     13       3     13    13  100.00
 928     17  100.00   92.86      13     13     14       0     14    14  100.00
 929      5  100.00   80.00       4      4      5       0      3     3  100.00
 930     17   68.75   78.57      11     16     14       2     15    13   86.67
 931     15   84.62   91.67      11     13     12       0     12    11   91.67
 932      8   27.27   50.00       3     11      6       1      7     6   85.71
 933     20   52.94   56.25       9     17     16       4     18    14   77.78
 934     10   66.67   80.00       4      6      5       0      9     7   77.78
 935     10   85.71   85.71       6      7      7       1      9     8   88.89
 936     20   36.84   38.89       7     19     18       8     18    16   88.89
 937     15   50.00   55.56       5     10      9       2     14    12   85.71
 938     11   88.89  100.00       8      9      8       0     10    10  100.00
 939      8   83.33   71.43       5      6      7       0      7     6   85.71
 940     20   66.67   75.00      12     18     16       2     18    18  100.00
 941      5   60.00   75.00       3      5      4       0      4     4  100.00
 942     20   77.78   93.33      14     18     15       1     19    15   78.95
 943     15   63.64   70.00       7     11     10       2     13    13  100.00
 944     19   85.71  100.00      12     14     12       0     18    15   83.33
 945     16   88.89  100.00       8      9      8       0     15    12   80.00
 946     14   83.33  100.00      10     12     10       0     13    13  100.00
 947     13   88.89  100.00       8      9      8       0     12    11   91.67
 948     13   87.50   77.78       7      8      9       0     12    11   91.67
 949     16   72.73   66.67       8     11     12       2     14    14  100.00
 950      2  100.00  100.00       2      2      2       0      1     1  100.00
 951      3   50.00   33.33       1      2      3       0      2     1   50.00
 952     15   76.92   76.92      10     13     13       2     14    12   85.71
 953     17   50.00   45.45       5     10     11       0     16    16  100.00
 954     13   55.56   71.43       5      9      7       2      9     8   88.89
 955     10   85.71   85.71       6      7      7       0      8     7   87.50
 956     20   54.55   60.00       6     11     10       3     18    15   83.33
 957     15   92.86  100.00      13     14     13       0     14    14  100.00
 958     14   80.00   92.31      12     15     13       0     13    13  100.00
 959     19   93.33  100.00      14     15     14       0     18    17   94.44
 960     17   52.94   52.94       9     17     17       5     14    13   92.86
 961     13   83.33   83.33      10     12     12       1     10    10  100.00
 962     18   58.33   63.64       7     12     11       3     17    13   76.47
 963     15   75.00   85.71      12     16     14       2     14    13   92.86
 964     13   88.89   80.00       8      9     10       0     10     8   80.00
 965     14   36.36   36.36       4     11     11       5     11     9   81.82
 966     20   80.00   57.14       8     10     14       2     17    14   82.35
 967     12   75.00   75.00       6      8      8       0      9     9  100.00
 968     13   42.86   50.00       6     14     12       6     12     8   66.67
 969     19   66.67   66.67       8     12     12       1     16    13   81.25
 970     13   72.73   80.00       8     11     10       2     12    11   91.67
 971     20   69.23   69.23       9     13     13       4     16    14   87.50
 972      9   85.71  100.00       6      7      6       0      8     7   87.50
 973      7   66.67   57.14       4      6      7       0      6     5   83.33
 974     16   58.33   58.33       7     12     12       2     12    12  100.00
 975     16   55.56   62.50       5      9      8       3     11    11  100.00
 976     13   77.78   77.78       7      9      9       0      9     9  100.00
 977      5   50.00   66.67       2      4      3       0      4     3   75.00
 978     16   84.62   84.62      11     13     13       1     15    14   93.33
 979      6  100.00  100.00       5      5      5       0      5     5  100.00
 980     13   72.73   72.73       8     11     11       2     10     8   80.00
 981     12   88.89   88.89       8      9      9       0     11    10   90.91
 982     12   63.64   70.00       7     11     10       0      9     9  100.00
 983     20   55.56   58.82      10     18     17       5     18    17   94.44
 984     10  100.00  100.00       6      6      6       0      9     8   88.89
 985      4  100.00  100.00       4      4      4       0      3     3  100.00
 986      4  100.00  100.00       4      4      4       0      3     3  100.00
 987      5  100.00  100.00       4      4      4       0      4     4  100.00
 988     18   85.71   92.31      12     14     13       0     17    17  100.00
 989     19   50.00   53.85       7     14     13       4     18    16   88.89
 990     12  100.00  100.00       7      7      7       0     11    11  100.00
 991     19  100.00  100.00      13     13     13       0     17    16   94.12
 992     10   85.71   75.00       6      7      8       0      7     7  100.00
 993      8   50.00   44.44       4      8      9       1      6     4   66.67
 994     18   76.92   76.92      10     13     13       0     17    15   88.24
 995     17   90.91   90.91      10     11     11       0     15    15  100.00
 996     18   81.25  100.00      13     16     13       0     16    15   93.75
 997     12   62.50   83.33       5      8      6       1      9     7   77.78
 998     20   66.67   76.92      10     15     13       2     17    16   94.12
 999     18   69.23   75.00       9     13     12       2     14    14  100.00
1000     11   66.67   75.00       6      9      8       0     10     9   90.00
1001     10   70.00   70.00       7     10     10       1      9     8   88.89
1002     19   63.64   58.33       7     11     12       1     17    16   94.12
1003      7  100.00  100.00       4      4      4       0      6     5   83.33
1004     13   83.33   90.91      10     12     11       0     12    12  100.00
1005      7   60.00   50.00       3      5      6       1      6     6  100.00
1006     14   44.44   40.00       4      9     10       1     11    10   90.91
1007     10  100.00  100.00       8      8      8       0      9     9  100.00
1008     17   41.18   53.85       7     17     13       6     16    14   87.50
1009      9  100.00  100.00       7      7      7       0      8     7   87.50
1010     19   80.00  100.00      12     15     12       0     17    12   70.59
1011     15   81.82   90.00       9     11     10       1     14    13   92.86
1012      6  100.00  100.00       6      6      6       0      5     5  100.00
1013     14  100.00  100.00      11     11     11       0     13    12   92.31
1014      5  100.00  100.00       6      6      6       0      4     4  100.00
1015     14  100.00  100.00       9      9      9       0     13    13  100.00
1016     16   84.62   78.57      11     13     14       1     15    14   93.33
1017     15  100.00  100.00      11     11     11       0     12    12  100.00
1018     12   60.00   66.67       6     10      9       3     11    10   90.91
1019     11   77.78   87.50       7      9      8       0      9     8   88.89
1020      4  100.00   50.00       1      1      2       0      3     3  100.00
1021     18   41.67   45.45       5     12     11       3     15    15  100.00
1022      4    0.00    0.00       0      1      3       0      3     2   66.67
1023      6    0.00    0.00       0      1      3       0      5     2   40.00
1024     16   81.82   75.00       9     11     12       1     15    14   93.33
1025      6    0.00    0.00       0      1      3       0      5     2   40.00
1026     14   87.50   70.00       7      8     10       0     13    11   84.62
1027     16   88.89   80.00       8      9     10       0     13    13  100.00
1028      7  100.00  100.00       4      4      4       0      6     6  100.00
1029      6    0.00    0.00       0      1      3       0      5     2   40.00
1030     13   66.67   66.67       6      9      9       2     12    10   83.33
1031     10  100.00  100.00       7      7      7       0      9     9  100.00
1032     11  100.00  100.00       8      8      8       0     10     8   80.00
1033     13   72.73   80.00       8     11     10       0     12    12  100.00
1034     13   57.14   66.67       4      7      6       1     12    12  100.00
______________________________________________________________________________
              70.51   72.54    7549  10706  10407    1361  11994 10732   89.48

__________________ Category Statistics ___________________

     label      % gold   catRecall   catPrecis   catFScore
__________________________________________________________
        NP       41.62       78.56       72.02       75.15
        VP       21.99       76.08       76.31       76.19
         S       15.00       71.54       73.61       72.56
        PP       11.10       65.65       69.18       67.37
      ADVP        3.87       58.90       55.83       57.32
      SBAR        3.03       52.78       48.25       50.41
      ADJP        2.57       51.06       44.94       47.81
        QP        1.28       84.30       76.69       80.31
      WHNP        0.57       73.24       88.14       80.00
    WHADVP        0.36       88.89       86.49       87.67
       PRN        0.31       72.00       56.25       63.16
      SINV        0.25       11.48       26.92       16.09
        NX        0.22       66.67       26.09       37.50
      FRAG        0.22        6.67        8.70        7.55
        SQ        0.12       28.57       30.77       29.63
     SBARQ        0.08       36.36       50.00       42.11
       UCP        0.07       25.00       14.29       18.18
      INTJ        0.07       10.00       14.29       11.76
         X        0.06       66.67       66.67       66.67
       LST        0.03      100.00      100.00      100.00
    WHADJP        0.02       50.00       50.00       50.00
      WHPP        0.02       66.67      100.00       80.00
       NAC        0.02        0.00        0.00         NaN
      NP=2        0.01         NaN        0.00         NaN
     CONJP        0.01        0.00        0.00         NaN
  WHADVP=1        0.01         NaN        0.00         NaN
 SQ%%%%%VP        0.00        0.00         NaN         NaN

   Crossing brackets
   test/gold   count
____________________
       PP/NP     176
       NP/PP     161
        S/VP     136
       VP/VP      92
       VP/NP      80
       NP/NP      79
        VP/S      63
        PP/S      63
       NP/VP      51
     VP/SBAR      49
     SBAR/VP      43
        NP/S      36
      SBAR/S      31
         S/S      30
       VP/PP      25
       PP/VP      19
     NP/SBAR      16
        S/NP      16
       NP/QP      16
      S/SBAR      12
      VP/PRN      11
       PP/PP      11
     NP/ADJP      10
   ADJP/SBAR       8
   ADJP/ADJP       7
     SBAR/NP       6
        S/PP       6
     ADVP/NP       6
      ADJP/S       5
     VP/ADJP       5
     NP/ADVP       5
     ADJP/VP       4
     ADJP/PP       4
       VP/SQ       4
     PP/ADVP       4
   SBAR/SBAR       4
   ADJP/ADVP       3
     PP/SBAR       3
      NP/NAC       3
       S/PRN       3
     ADJP/NP       3
       PRN/S       2
     NP/SINV       2
     PP/ADJP       2
    CONJP/PP       2
      NAC/NP       2
   ADVP/SBAR       2
   SBAR/ADVP       2
   ADVP/ADVP       2
       NP/NX       2
   ADVP/ADJP       2
       QP/NP       1
    PP/CONJP       1
   SBAR/SINV       1
     ADVP/PP       1
     VP/SINV       1
   NP/WHADVP       1
      NP/PRN       1
      PP/NAC       1
        QP/S       1
       S/UCP       1
     VP/FRAG       1
    S/WHADVP       1
       UCP/S       1
   QP/WHADVP       1
      PRN/VP       1
       SQ/SQ       1
      S/ADVP       1
       SQ/NP       1
         X/S       1
      VP/UCP       1
        S/SQ       1
       NX/NP       1
 WHADJP/SBAR       1
      NP/UCP       1
     INTJ/NP       1
      S/WHNP       1
      PP/PRN       1
       PP/QP       1
     VP/ADVP       1
     QP/ADVP       1
     PP/SINV       1
    SBAR/PRN       1

Wrong Category Statistics
   test/gold   count
____________________
        S/NP      71
      SINV/S      51
       NP/VP      28
     FRAG/NP      24
       PP/NP      22
       VP/NP      21
     ADJP/NP      18
     WHNP/NP      17
        NP/S      17
     ADVP/NP      16
     NP/ADJP      16
      S/SINV      15
     VP/ADJP      13
      S/FRAG      11
       PP/VP      11
   ADJP/ADVP       8
     INTJ/NP       8
     NP/ADVP       7
        PP/S       7
     SBAR/NP       7
     SBARQ/S       7
     PP/SBAR       6
        S/SQ       6
     ADVP/PP       6
     ADJP/VP       6
       VP/PP       6
   ADVP/ADJP       6
        S/PP       5
     SBAR/PP       4
      SBAR/S       4
     PP/ADJP       3
      S/SBAR       3
     SBAR/VP       2
        VP/S       2
     SINV/NP       2
     S/SBARQ       2
       NP/QP       2
       PP/QP       2
      FRAG/S       2
      ADVP/S       2
       SQ/VP       2
     NP/INTJ       1
WHADVP/WHADVP=1       1
 ADVP/WHADVP       1
SQ%%%%%VP/FRAG       1
        SQ/S       1
       VP/SQ       1
     ADJP/PP       1
      NAC/NP       1
   SINV/FRAG       1
SQ%%%%%VP/ADJP       1
   ADJP/SBAR       1
       PRN/S       1
       QP/NP       1
     VP/SINV       1
     QP/ADJP       1
 WHADVP/SBAR       1
      UCP/NP       1
     ADVP/VP       1
  FRAG/SBARQ       1
     VP/SBAR       1
       NP/NX       1
   ADVP/FRAG       1
     PP/FRAG       1
       NP/PP       1
     NP/NP=2       1
  SBAR/SBARQ       1
   ADVP/INTJ       1
      ADJP/S       1
     ADJP/QP       1
       NX/NP       1
     FRAG/PP       1


____________ Summary _____________

______________ All _______________
Number of sentence        =   1034
Bracketing Recall         =  70.51
Bracketing Precision      =  72.54
Bracketing FMeasure       =  71.51
Complete match            =  14.12
Average crossing          =   1.32
No crossing               =  53.29
2 or less crossing        =  79.11
Tagging accuracy          =  89.48

____________ len<=40 _____________
Number of sentence        =   1034
Bracketing Recall         =  70.51
Bracketing Precision      =  72.54
Bracketing FMeasure       =  71.51
Complete match            =  14.12
Average crossing          =   1.32
No crossing               =  53.29
2 or less crossing        =  79.11
Tagging accuracy          =  89.48
