   Sentence                 Matched   Brackets      Cross         Corr     Tag
  ID Length  Recall  Precis Bracket   gold   test Bracket  Words  Tags Accracy
______________________________________________________________________________
   1      8   80.00   66.67       4      5      6       0      6     5   83.33
   2      6   60.00   75.00       3      5      4       0      5     5  100.00
   3      7   75.00   75.00       3      4      4       0      5     4   80.00
   4      8  100.00  100.00       5      5      5       0      7     6   85.71
   5      9  100.00  100.00       6      6      6       0      8     8  100.00
   6      4  100.00  100.00       3      3      3       0      3     2   66.67
   7      5   75.00   75.00       3      4      4       0      4     3   75.00
   8      5   80.00  100.00       4      5      4       0      4     4  100.00
   9      8   83.33   83.33       5      6      6       0      7     6   85.71
  10      6  100.00  100.00       4      4      4       0      5     5  100.00
  11      8  100.00  100.00      11     11     11       0      7     7  100.00
  12      2  100.00  100.00       1      1      1       0      2     2  100.00
  13      9  100.00   87.50       7      7      8       0      8     8  100.00
  14      8  100.00   75.00       6      6      8       0      6     6  100.00
  15      9   66.67   66.67       4      6      6       0      7     6   85.71
  16      6   75.00   60.00       3      4      5       0      4     3   75.00
  17      6  100.00  100.00       5      5      5       0      5     5  100.00
  18      8  100.00  100.00       8      8      8       0      7     7  100.00
  19      9   37.50   60.00       3      8      5       2      8     8  100.00
  20     10  100.00  100.00       6      6      6       0      8     8  100.00
  21      9   85.71   85.71       6      7      7       0      8     7   87.50
  22     10  100.00  100.00       6      6      6       0      9     7   77.78
  23      5  100.00  100.00       4      4      4       0      4     4  100.00
  24      7  100.00  100.00       6      6      6       0      6     6  100.00
  25      7  100.00  100.00       5      5      5       0      6     5   83.33
  26      6  100.00  100.00       4      4      4       0      4     4  100.00
  27     10   66.67   57.14       4      6      7       2      7     6   85.71
  28      8   50.00   71.43       5     10      7       1      7     4   57.14
  29      4  100.00  100.00       4      4      4       0      3     3  100.00
  30      5  100.00   80.00       4      4      5       0      3     3  100.00
  31      6  100.00   75.00       3      3      4       0      5     5  100.00
  32     10   66.67   75.00       6      9      8       1      9     8   88.89
  33     10  100.00   87.50       7      7      8       0      7     6   85.71
  34      7   66.67   57.14       4      6      7       0      6     6  100.00
  35     10   85.71  100.00       6      7      6       0      9     9  100.00
  36      6  100.00  100.00       5      5      5       0      5     5  100.00
  37      8   83.33   83.33       5      6      6       0      7     6   85.71
  38      9  100.00  100.00       7      7      7       0      8     7   87.50
  39      9   80.00   72.73       8     10     11       0      8     8  100.00
  40     10  100.00  100.00       6      6      6       0      9     8   88.89
  41      7  100.00  100.00       5      5      5       0      6     5   83.33
  42      9  100.00  100.00       5      5      5       0      8     6   75.00
  43     10  100.00  100.00       6      6      6       0      9     9  100.00
  44      5   75.00   75.00       3      4      4       0      4     4  100.00
  45     10  100.00   85.71       6      6      7       0      9     7   77.78
  46      8  100.00  100.00       6      6      6       0      7     7  100.00
  47      5   60.00   75.00       3      5      4       0      4     3   75.00
  48      7  100.00  100.00       7      7      7       0      6     6  100.00
  49      6  100.00  100.00       4      4      4       0      5     5  100.00
  50      9   77.78   77.78       7      9      9       0      8     8  100.00
  51      7  100.00  100.00       5      5      5       0      6     5   83.33
  52     10  100.00  100.00       7      7      7       0      8     8  100.00
  53      9   28.57   28.57       2      7      7       3      8     8  100.00
  54      1  100.00  100.00       1      1      1       0      1     1  100.00
  55      4    0.00    0.00       0      1      2       0      2     2  100.00
  56      3    0.00    0.00       0      1      3       0      2     0    0.00
  57      3    0.00    0.00       0      1      3       0      2     0    0.00
  58      3    0.00    0.00       0      1      2       0      2     1   50.00
  59      3    0.00    0.00       0      1      1       0      2     1   50.00
  60      8   83.33   71.43       5      6      7       0      5     5  100.00
  61      7  100.00  100.00       5      5      5       0      6     6  100.00
  62     10   75.00  100.00       6      8      6       0      9     9  100.00
  63      7   60.00   75.00       3      5      4       0      6     6  100.00
  64     10   75.00   75.00       6      8      8       0      9     9  100.00
  65      7   83.33   83.33       5      6      6       0      5     4   80.00
  66      5  100.00  100.00       6      6      6       0      4     4  100.00
  67      9   83.33   83.33       5      6      6       0      7     6   85.71
  68      9   25.00   33.33       2      8      6       1      6     5   83.33
  69      8  100.00  100.00       6      6      6       0      7     5   71.43
  70      7   50.00   60.00       3      6      5       1      6     4   66.67
  71     10   40.00   50.00       2      5      4       0      6     5   83.33
  72      5  100.00  100.00       4      4      4       0      4     4  100.00
  73      6   80.00   80.00       4      5      5       0      4     4  100.00
  74     10   37.50   75.00       3      8      4       0      6     4   66.67
  75     10   33.33   42.86       3      9      7       3      9     9  100.00
  76      9   77.78  100.00       7      9      7       0      8     6   75.00
  77     10   85.71  100.00       6      7      6       0      9     6   66.67
  78      5   83.33  100.00       5      6      5       0      4     2   50.00
  79      7   83.33  100.00       5      6      5       0      6     3   50.00
  80      9   50.00   37.50       3      6      8       0      6     5   83.33
  81      7   40.00   33.33       2      5      6       0      6     5   83.33
  82      9  100.00  100.00       8      8      8       0      8     8  100.00
  83     10   75.00   85.71       6      8      7       0      8     6   75.00
  84      7  100.00  100.00       7      7      7       0      6     6  100.00
  85      3    0.00    0.00       0      1      3       0      3     2   66.67
  86      6  100.00  100.00       5      5      5       0      5     4   80.00
  87      7   75.00   75.00       3      4      4       0      6     6  100.00
  88      5  100.00  100.00       4      4      4       0      4     3   75.00
  89     10   87.50   77.78       7      8      9       0      9     8   88.89
  90      6  100.00  100.00       4      4      4       0      5     5  100.00
  91     10   71.43   71.43       5      7      7       0      9     7   77.78
  92      8   80.00   80.00       4      5      5       0      7     6   85.71
  93     10   75.00   85.71       6      8      7       1      9     9  100.00
  94      9  100.00  100.00       8      8      8       0      8     8  100.00
  95      9   40.00   33.33       2      5      6       1      7     6   85.71
  96      9   16.67   12.50       1      6      8       2      8     7   87.50
  97      7   50.00   66.67       2      4      3       0      4     2   50.00
  98      8   66.67   75.00       6      9      8       1      7     6   85.71
  99      9  100.00  100.00       7      7      7       0      8     7   87.50
 100     10   85.71  100.00       6      7      6       0      9     8   88.89
 101      9   71.43   62.50       5      7      8       2      8     7   87.50
 102      8  100.00  100.00       8      8      8       0      7     6   85.71
 103      6  100.00  100.00       5      5      5       0      6     6  100.00
 104      6  100.00   83.33       5      5      6       0      5     5  100.00
 105      8   50.00   50.00       2      4      4       0      6     6  100.00
 106      5   75.00   75.00       3      4      4       0      5     3   60.00
 107     10   44.44   44.44       4      9      9       3      8     6   75.00
 108      6  100.00  100.00       6      6      6       0      6     4   66.67
 109      3  100.00   50.00       1      1      2       0      3     3  100.00
 110      8   60.00   75.00       3      5      4       1      7     7  100.00
 111      9   87.50   87.50       7      8      8       0      7     6   85.71
 112      6   50.00   50.00       2      4      4       0      5     5  100.00
 113      2  100.00  100.00       1      1      1       0      2     2  100.00
 114      3   50.00   66.67       2      4      3       0      2     1   50.00
 115     10   90.00   90.00       9     10     10       0      9     7   77.78
 116      3  100.00  100.00       3      3      3       0      2     2  100.00
 117      4   75.00   75.00       3      4      4       0      3     2   66.67
 118      8  100.00   88.89       8      8      9       0      7     6   85.71
 119      9  100.00  100.00       8      8      8       0      8     7   87.50
 120      8   83.33   83.33       5      6      6       0      6     6  100.00
 121      4    0.00    0.00       0      3      2       1      3     3  100.00
 122      9  100.00  100.00       5      5      5       0      8     8  100.00
 123      8  100.00  100.00       5      5      5       0      7     6   85.71
 124      4   66.67   66.67       2      3      3       0      3     2   66.67
 125      8  100.00  100.00       4      4      4       0      7     7  100.00
 126      2  100.00  100.00       1      1      1       0      2     2  100.00
 127      4   33.33   33.33       1      3      3       0      2     1   50.00
 128      9   33.33   50.00       2      6      4       0      7     5   71.43
 129      9   25.00   28.57       2      8      7       3      8     6   75.00
 130      3    0.00    0.00       0      1      3       0      2     1   50.00
 131      8   85.71  100.00       6      7      6       0      7     6   85.71
 132      3    0.00    0.00       0      1      3       0      2     1   50.00
 133      7  100.00   85.71       6      6      7       0      5     5  100.00
 134      3    0.00    0.00       0      1      2       0      2     2  100.00
 135      9   66.67   80.00       4      6      5       1      7     6   85.71
 136     10   85.71  100.00       6      7      6       0      9     8   88.89
 137      8   75.00   60.00       3      4      5       0      6     4   66.67
 138      9   62.50   55.56       5      8      9       0      6     4   66.67
 139      4    0.00    0.00       0      1      3       0      3     2   66.67
 140      9  100.00  100.00       7      7      7       0      7     7  100.00
 141     10  100.00   71.43       5      5      7       0      7     6   85.71
 142      4    0.00    0.00       0      1      3       0      3     2   66.67
 143      3    0.00    0.00       0      1      3       0      2     1   50.00
 144      3    0.00    0.00       0      1      3       0      2     1   50.00
 145      3    0.00    0.00       0      1      3       0      2     1   50.00
 146      4    0.00    0.00       0      1      3       0      3     2   66.67
 147      5  100.00  100.00       4      4      4       0      3     3  100.00
 148      3    0.00    0.00       0      2      3       0      2     0    0.00
 149      7  100.00  100.00       5      5      5       0      5     4   80.00
 150      7  100.00   85.71       6      6      7       0      6     6  100.00
 151     10   25.00   50.00       2      8      4       1      7     6   85.71
 152      7   42.86   37.50       3      7      8       0      6     4   66.67
 153     10   66.67  100.00       4      6      4       0      9     8   88.89
 154      8   50.00   80.00       4      8      5       0      7     6   85.71
 155     10   85.71   66.67       6      7      9       1      9     8   88.89
 156      2  100.00  100.00       1      1      1       0      2     2  100.00
 157      4    0.00    0.00       0      3      3       0      2     1   50.00
 158      5    0.00    0.00       0      1      4       0      4     3   75.00
 159      5   33.33   33.33       1      3      3       0      3     2   66.67
 160      4    0.00    0.00       0      2      3       0      3     3  100.00
 161      5   75.00   75.00       3      4      4       0      4     3   75.00
 162      7   80.00   80.00       4      5      5       0      6     5   83.33
 163      5  100.00  100.00       4      4      4       0      4     4  100.00
 164      9  100.00  100.00       7      7      7       0      8     8  100.00
 165      7   50.00   60.00       3      6      5       0      6     4   66.67
 166      6  100.00  100.00       1      1      1       0      4     4  100.00
 167      3  100.00  100.00       1      1      1       0      2     1   50.00
 168      4   50.00   33.33       1      2      3       0      3     3  100.00
 169      3  100.00  100.00       1      1      1       0      2     2  100.00
 170     10   50.00   33.33       2      4      6       0      7     7  100.00
 171      3    0.00    0.00       0      1      3       0      2     1   50.00
 172      3    0.00    0.00       0      1      2       0      2     2  100.00
 173      3    0.00    0.00       0      1      3       0      2     1   50.00
 174      7    0.00    0.00       0      2      5       0      6     6  100.00
 175     10   83.33   71.43       5      6      7       0      9     8   88.89
 176      3    0.00    0.00       0      1      1       0      2     1   50.00
 177      4   50.00   50.00       2      4      4       1      3     2   66.67
 178      7  100.00  100.00       4      4      4       0      6     6  100.00
 179      7   75.00   75.00       3      4      4       0      6     6  100.00
 180      3  100.00   50.00       1      1      2       0      2     1   50.00
 181      4  100.00  100.00       1      1      1       0      3     2   66.67
 182      8   50.00   28.57       2      4      7       2      7     6   85.71
 183      4    0.00    0.00       0      1      3       0      3     3  100.00
 184      3  100.00  100.00       1      1      1       0      2     1   50.00
 185     10   57.14   80.00       4      7      5       0      8     8  100.00
 186      6   66.67   66.67       2      3      3       0      4     3   75.00
 187      9   50.00   33.33       2      4      6       2      8     7   87.50
 188      6   66.67   66.67       2      3      3       0      4     3   75.00
 189      6    0.00    0.00       0      1      4       0      5     2   40.00
 190      3    0.00    0.00       0      1      2       0      2     2  100.00
 191      8   75.00   85.71       6      8      7       0      7     7  100.00
 192      7  100.00   83.33       5      5      6       0      6     6  100.00
 193      8  100.00  100.00       5      5      5       0      7     6   85.71
 194     10   70.00   63.64       7     10     11       3      8     7   87.50
 195      6  100.00  100.00       5      5      5       0      5     3   60.00
 196      3  100.00  100.00       3      3      3       0      2     2  100.00
 197      6   50.00   33.33       2      4      6       0      4     3   75.00
 198     10  100.00  100.00       8      8      8       0      9     9  100.00
 199      9   66.67   66.67       4      6      6       1      8     8  100.00
 200      7   80.00   80.00       4      5      5       0      6     6  100.00
 201      6  100.00   50.00       1      1      2       0      5     4   80.00
 202      5  100.00   50.00       1      1      2       0      4     2   50.00
 203     10   80.00   80.00       4      5      5       0      8     7   87.50
 204      4    0.00    0.00       0      1      3       0      3     2   66.67
 205      4  100.00   50.00       1      1      2       0      3     3  100.00
 206      4  100.00   50.00       1      1      2       0      3     3  100.00
 207      3    0.00    0.00       0      1      1       0      2     1   50.00
 208     10   66.67   66.67       4      6      6       0      8     8  100.00
 209      3  100.00  100.00       1      1      1       0      2     1   50.00
 210      9   80.00   80.00       4      5      5       0      7     7  100.00
 211      4  100.00   50.00       1      1      2       0      3     0    0.00
 212      9   80.00   80.00       4      5      5       0      7     7  100.00
 213      5    0.00    0.00       0      1      4       0      4     1   25.00
 214      3    0.00    0.00       0      1      1       0      2     1   50.00
 215      8   75.00   75.00       3      4      4       0      6     5   83.33
 216      3    0.00    0.00       0      1      1       0      2     1   50.00
 217      9   80.00   80.00       4      5      5       0      7     6   85.71
 218      2  100.00  100.00       1      1      1       0      1     1  100.00
 219      4    0.00    0.00       0      3      1       0      2     2  100.00
 220      5    0.00    0.00       0      1      3       0      4     1   25.00
 221      4    0.00    0.00       0      3      1       0      2     2  100.00
 222      6    0.00    0.00       0      1      4       0      5     2   40.00
 223      2  100.00  100.00       1      1      1       0      1     1  100.00
 224      6    0.00    0.00       0      1      3       0      5     3   60.00
 225      4  100.00   50.00       1      1      2       0      3     3  100.00
 226      9   50.00   37.50       3      6      8       3      8     6   75.00
 227     10    0.00    0.00       0      3      4       2      8     4   50.00
 228      5   66.67   66.67       2      3      3       0      3     3  100.00
 229      8    0.00    0.00       0      1      3       0      7     3   42.86
 230     10   50.00   57.14       4      8      7       2      9     9  100.00
 231      7  100.00  100.00       8      8      8       0      6     6  100.00
 232      7  100.00   85.71       6      6      7       0      5     5  100.00
 233      9  100.00  100.00       5      5      5       0      6     5   83.33
 234      7   83.33   83.33       5      6      6       0      5     5  100.00
 235      8   66.67   80.00       4      6      5       0      7     5   71.43
 236      5   33.33   25.00       1      3      4       0      3     2   66.67
 237      6  100.00   80.00       4      4      5       0      5     4   80.00
 238      5  100.00   80.00       4      4      5       0      3     3  100.00
 239      8   27.27   50.00       3     11      6       1      7     6   85.71
 240     10   66.67   80.00       4      6      5       0      9     7   77.78
 241     10   85.71   85.71       6      7      7       1      9     8   88.89
 242      8   83.33   71.43       5      6      7       0      7     6   85.71
 243      5   60.00   75.00       3      5      4       0      4     4  100.00
 244      2  100.00  100.00       2      2      2       0      1     1  100.00
 245      3   50.00   33.33       1      2      3       0      2     1   50.00
 246     10   85.71   85.71       6      7      7       0      8     7   87.50
 247      9   85.71  100.00       6      7      6       0      8     7   87.50
 248      7   66.67   57.14       4      6      7       0      6     5   83.33
 249      5   50.00   66.67       2      4      3       0      4     3   75.00
 250      6  100.00  100.00       5      5      5       0      5     5  100.00
 251     10  100.00  100.00       6      6      6       0      9     8   88.89
 252      4  100.00  100.00       4      4      4       0      3     3  100.00
 253      4  100.00  100.00       4      4      4       0      3     3  100.00
 254      5  100.00  100.00       4      4      4       0      4     4  100.00
 255     10   85.71   75.00       6      7      8       0      7     7  100.00
 256      8   50.00   44.44       4      8      9       1      6     4   66.67
 257     10   70.00   70.00       7     10     10       1      9     8   88.89
 258      7  100.00  100.00       4      4      4       0      6     5   83.33
 259      7   60.00   50.00       3      5      6       1      6     6  100.00
 260     10  100.00  100.00       8      8      8       0      9     9  100.00
 261      9  100.00  100.00       7      7      7       0      8     7   87.50
 262      6  100.00  100.00       6      6      6       0      5     5  100.00
 263      5  100.00  100.00       6      6      6       0      4     4  100.00
 264      4  100.00   50.00       1      1      2       0      3     3  100.00
 265      4    0.00    0.00       0      1      3       0      3     2   66.67
 266      6    0.00    0.00       0      1      3       0      5     2   40.00
 267      6    0.00    0.00       0      1      3       0      5     2   40.00
 268      7  100.00  100.00       4      4      4       0      6     6  100.00
 269      6    0.00    0.00       0      1      3       0      5     2   40.00
 270     10  100.00  100.00       7      7      7       0      9     9  100.00
______________________________________________________________________________
              75.59   72.05     954   1262   1324      53   1468  1255   85.49

__________________ Category Statistics ___________________

     label      % gold   catRecall   catPrecis   catFScore
__________________________________________________________
        NP       39.50       77.75       70.17       73.77
        VP       21.60       82.39       86.71       84.50
         S       15.71       69.08       82.69       75.27
        PP        6.34       80.23       82.14       81.18
      ADVP        4.08       62.90       72.22       67.24
      ADJP        3.63       51.92       56.25       54.00
        QP        0.91       83.33       83.33       83.33
      SBAR        0.83       46.15       54.55       50.00
      FRAG        0.83        8.00       18.18       11.11
        SQ        0.45       42.86       50.00       46.15
      INTJ        0.30       10.00       25.00       14.29
       PRN        0.30      100.00      100.00      100.00
      SINV        0.23        0.00        0.00         NaN
     SBARQ        0.23       40.00       66.67       50.00
      WHNP        0.23       18.18       66.67       28.57
    WHADVP        0.15      100.00      100.00      100.00
 SQ%%%%%VP        0.00        0.00         NaN         NaN
       NAC        0.00        0.00         NaN         NaN
      WHPP        0.00        0.00         NaN         NaN

   Crossing brackets
   test/gold   count
____________________
       PP/NP       6
       NP/PP       6
        S/VP       6
       NP/NP       5
       NP/VP       3
        NP/S       3
       VP/NP       3
   ADJP/ADJP       2
       VP/VP       2
     SBAR/VP       2
       PP/VP       1
   ADJP/SBAR       1
       VP/PP       1
     VP/SBAR       1
   ADJP/ADVP       1
        S/NP       1
      S/ADVP       1
     VP/ADJP       1
       PP/QP       1
     VP/ADVP       1
     NP/ADJP       1
        VP/S       1
       NP/QP       1
     INTJ/NP       1
      S/SBAR       1

Wrong Category Statistics
   test/gold   count
____________________
        S/NP      34
     FRAG/NP      20
     WHNP/NP       8
      SINV/S       8
     INTJ/NP       8
       VP/NP       5
      S/FRAG       4
       NP/VP       4
     SBARQ/S       3
      S/SINV       3
        NP/S       3
     NP/ADJP       3
   ADVP/ADJP       3
        S/SQ       3
     ADJP/NP       3
     ADJP/VP       2
     VP/ADJP       2
     ADVP/NP       2
     FRAG/PP       1
      FRAG/S       1
SQ%%%%%VP/ADJP       1
       SQ/VP       1
   SINV/FRAG       1
     SBAR/NP       1
SQ%%%%%VP/FRAG       1
      NAC/NP       1
     NP/ADVP       1
   ADJP/ADVP       1
        SQ/S       1
     SINV/NP       1
       PP/NP       1
     ADVP/VP       1
     PP/FRAG       1
  FRAG/SBARQ       1
     ADJP/PP       1
     PP/ADJP       1
      ADVP/S       1


____________ Summary _____________

______________ All _______________
Number of sentence        =    270
Bracketing Recall         =  75.59
Bracketing Precision      =  72.05
Bracketing FMeasure       =  73.78
Complete match            =  30.37
Average crossing          =   0.20
No crossing               =  87.78
2 or less crossing        =  97.78
Tagging accuracy          =  85.49

____________ len<=40 _____________
Number of sentence        =    270
Bracketing Recall         =  75.59
Bracketing Precision      =  72.05
Bracketing FMeasure       =  73.78
Complete match            =  30.37
Average crossing          =   0.20
No crossing               =  87.78
2 or less crossing        =  97.78
Tagging accuracy          =  85.49
